1 0.6453125 0.3046875 0.025 0.06796875
1 0.88046875 0.33828125 0.034375 0.07578125
1 0.91640625 0.334375 0.03515625 0.08125
1 0.67890625 0.328125 0.0296875 0.06875
1 0.48125 0.30703125 0.040625 0.0953125
1 0.24453125 0.31640625 0.02890625 0.05234375
1 0.0828125 0.278125 0.040625 0.084375
0 0.52890625 0.5359375 0.0359375 0.02109375
0 0.7609375 0.50859375 0.03828125 0.01640625
0 0.7296875 0.546875 0.04453125 0.0140625
0 0.38359375 0.54921875 0.04375 0.0109375
0 0.20546875 0.49453125 0.03828125 0.0140625
0 0.0890625 0.484375 0.04609375 0.02109375
1 0.365625 0.28046875 0.01953125 0.05
1 0.5375 0.33125 0.04375 0.07109375
1 0.725 0.3234375 0.03515625 0.06875
1 0.79375 0.315625 0.0171875 0.0625
1 0.81875 0.321875 0.0296875 0.0859375