0 0.03671875 0.28515625 0.0296875 0.01328125
1 0.40390625 0.32265625 0.05390625 0.1046875
1 0.38671875 0.23515625 0.040625 0.0546875
1 0.50546875 0.24453125 0.0328125 0.059375
1 0.71875 0.23828125 0.0359375 0.0546875
1 0.7546875 0.28984375 0.05078125 0.06328125
1 0.815625 0.309375 0.05546875 0.10703125
0 0.39921875 0.6421875 0.08828125 0.02734375
0 0.284375 0.36171875 0.040625 0.03828125
0 0.49765625 0.40546875 0.06015625 0.0203125
0 0.628125 0.4578125 0.040625 0.03203125
0 0.8390625 0.53984375 0.05078125 0.015625
0 0.196875 0.3796875 0.0390625 0.03828125
1 0.196875 0.246875 0.040625 0.06171875
1 0.13984375 0.2203125 0.0296875 0.040625
1 0.09375 0.20078125 0.0359375 0.05
