0 0.61484375 0.59453125 0.0375 0.0359375
0 0.20078125 0.66328125 0.0625 0.0359375
0 0.10546875 0.63125 0.0359375 0.0453125
0 0.7296875 0.5328125 0.04140625 0.0359375
0 0.68359375 0.52265625 0.0296875 0.02265625
0 0.05078125 0.540625 0.03125 0.03828125
1 0.1421875 0.41796875 0.04375 0.103125
1 0.05 0.375 0.04609375 0.08984375
1 0.78671875 0.303125 0.0609375 0.12109375
1 0.95390625 0.30703125 0.04765625 0.11015625
1 0.46796875 0.39765625 0.05625 0.1234375
1 0.28828125 0.4203125 0.0359375 0.09921875
0 0.41953125 0.653125 0.0734375 0.0515625