0 0.32890625 0.4375 0.04453125 0.01796875
1 0.328125 0.3125 0.04140625 0.06328125
1 0.21875 0.4234375 0.06328125 0.1171875
1 0.41875 0.45234375 0.0984375 0.15546875
1 0.55546875 0.3546875 0.05859375 0.1
1 0.42265625 0.3359375 0.05703125 0.0953125
1 0.90390625 0.35546875 0.04375 0.06953125
1 0.85703125 0.34375 0.0453125 0.0875
1 0.73203125 0.36328125 0.06328125 0.07578125
1 0.71171875 0.3125 0.05390625 0.0859375
1 0.61953125 0.303125 0.04453125 0.0734375
1 0.54609375 0.27734375 0.03828125 0.0671875
0 0.12265625 0.809375 0.0703125 0.06796875
0 0.39921875 0.778125 0.0609375 0.0671875
0 0.73359375 0.78515625 0.078125 0.059375
0 0.9296875 0.51171875 0.03671875 0.04609375
0 0.5546875 0.51015625 0.0703125 0.02421875